01,06,32,71,12,0.7,57.1,2.5,8.2,0.6,2.8,0.2,not fire
02,06,30,73,13,4,55.7,2.7,7.8,0.6,2.9,0.2,not fire
03,06,29,80,14,2,48.7,2.2,7.6,0.3,2.6,0.1,not fire
04,06,30,64,14,0,79.4,5.2,15.4,2.2,5.6,1,not fire
05,06,32,60,14,0.2,77.1,6,17.6,1.8,6.5,0.9,not fire
06,06,35,54,11,0.1,83.7,8.4,26.3,3.1,9.3,3.1,fire
07,06,35,44,17,0.2,85.6,9.9,28.9,5.4,10.7,6,fire
08,06,28,51,17,1.3,71.4,7.7,7.4,1.5,7.3,0.8,not fire
09,06,27,59,18,0.1,78.1,8.5,14.7,2.4,8.3,1.9,not fire
10,06,30,41,15,0,89.4,13.3,22.5,8.4,13.1,10,fire
11,06,31,42,21,0,90.6,18.2,30.5,13.4,18,16.7,fire
12,06,27,58,17,0,88.9,21.3,37.8,8.7,21.2,12.9,fire
13,06,30,52,15,2,72.3,11.4,7.8,1.4,10.9,0.9,not fire
14,06,27,79,16,0.7,53.4,6.4,7.3,0.5,6.1,0.3,not fire
15,06,28,90,15,0,66.8,7.2,14.7,1.2,7.1,0.6,not fire
16,06,29,87,15,0.4,47.4,4.2,8,0.2,4.1,0.1,not fire
17,06,31,69,17,4.7,62.2,3.9,8,1.1,3.8,0.4,not fire
18,06,33,62,10,8.7,65.5,4.6,8.3,0.9,4.4,0.4,not fire
19,06,32,67,14,4.5,64.6,4.4,8.2,1,4.2,0.4,not fire
20,06,31,72,14,0.2,60.2,3.8,8,0.8,3.7,0.3,not fire
21,06,32,55,14,0,86.2,8.3,18.4,5,8.2,4.9,fire
22,06,33,46,14,1.1,78.3,8.1,8.3,1.9,7.7,1.2,not fire
23,06,33,59,16,0.8,74.2,7,8.3,1.6,6.7,0.8,not fire
24,06,35,68,16,0,85.3,10,17,4.9,9.9,5.3,fire
25,06,34,70,16,0,86,12.8,25.6,5.4,12.7,6.7,fire
26,06,36,62,16,0,87.8,16.5,34.5,7,16.4,9.5,fire
27,06,36,55,15,0,89.1,20.9,43.3,8,20.8,12,fire
28,06,37,37,13,0,92.5,27.2,52.4,11.7,27.1,18.4,fire
29,06,37,36,13,0.6,86.2,17.9,36.7,4.8,17.8,7.2,fire
30,06,34,42,15,1.7,79.7,12,8.5,2.2,11.5,2.2,not fire  
01,07,28,58,18,2.2,63.7,3.2,8.5,1.2,3.3,0.5,not fire
02,07,33,48,16,0,87.6,7.9,17.8,6.8,7.8,6.4,fire
03,07,34,56,17,0.1,84.7,9.7,27.3,4.7,10.3,5.2,fire
04,07,34,58,18,0,88,13.6,36.8,8,14.1,9.9,fire
05,07,34,45,18,0,90.5,18.7,46.4,11.3,18.7,15,fire
06,07,35,42,15,0.3,84.7,15.5,45.1,4.3,16.7,6.3,fire
07,07,38,43,13,0.5,85,13,35.4,4.1,13.7,5.2,fire
08,07,35,47,18,6,80.8,9.8,9.7,3.1,9.4,3,fire
09,07,36,43,15,1.9,82.3,9.4,9.9,3.2,9,3.1,fire
10,07,34,51,16,3.8,77.5,8,9.5,2,7.7,1.3,not fire
11,07,34,56,15,2.9,74.8,7.1,9.5,1.6,6.8,0.8,not fire
12,07,36,44,13,0,90.1,12.6,19.4,8.3,12.5,9.6,fire
13,07,39,45,13,0.6,85.2,11.3,10.4,4.2,10.9,4.7,fire
14,07,37,37,18,0.2,88.9,12.9,14.6,9,12.5,10.4,fire
15,07,34,45,17,0,90.5,18,24.1,10.9,17.7,14.1,fire
16,07,31,83,17,0,84.5,19.4,33.1,4.7,19.2,7.3,fire
17,07,32,81,17,0,84.6,21.1,42.3,4.7,20.9,7.7,fire
18,07,33,68,15,0,86.1,23.9,51.6,5.2,23.9,9.1,fire
19,07,34,58,16,0,88.1,27.8,61.1,7.3,27.7,13,fire
20,07,36,50,16,0,89.9,32.7,71,9.5,32.6,17.3,fire
21,07,36,29,18,0,93.9,39.6,80.6,18.5,39.5,30,fire
22,07,32,48,18,0,91.5,44.2,90.1,13.2,44,25.4,fire
23,07,31,71,17,0,87.3,46.6,99,6.9,46.5,16.3,fire
24,07,33,63,17,1.1,72.8,20.9,56.6,1.6,21.7,2.5,not fire
25,07,39,64,9,1.2,73.8,11.7,15.9,1.1,11.4,0.7,not fire
26,07,35,58,10,0.2,78.3,10.8,19.7,1.6,10.7,1,not fire
27,07,29,87,18,0,80,11.8,28.3,2.8,11.8,3.2,not fire
28,07,33,57,16,0,87.5,15.7,37.6,6.7,15.7,9,fire
29,07,34,59,16,0,88.1,19.5,47.2,7.4,19.5,10.9,fire
30,07,36,56,16,0,88.9,23.8,57.1,8.2,23.8,13.2,fire
31,07,37,55,15,0,89.3,28.3,67.2,8.3,28.3,14.5,fire
01,08,38,52,14,0,78.3,4.4,10.5,2,4.4,0.8,not fire
02,08,40,34,14,0,93.3,10.8,21.4,13.8,10.6,13.5,fire
03,08,39,33,17,0,93.7,17.1,32.1,17.2,16.9,19.5,fire
04,08,38,35,15,0,93.8,23,42.7,15.7,22.9,20.9,fire
05,08,34,42,17,0.1,88.3,23.6,52.5,19,23.5,12.6,fire
06,08,30,54,14,3.1,70.5,11,9.1,1.3,10.5,0.8,not fire
07,08,34,63,13,2.9,69.7,7.2,9.8,1.2,6.9,0.6,not fire
08,08,37,56,11,0,87.4,11.2,20.2,5.2,11,5.9,fire
09,08,39,43,12,0,91.7,16.5,30.9,9.6,16.4,12.7,fire
10,08,39,39,15,0.2,89.3,15.8,35.4,8.2,15.8,10.7,fire
11,08,40,31,15,0,94.2,22.5,46.3,16.6,22.4,21.6,fire
12,08,39,21,17,0.4,93,18.4,41.5,15.5,18.4,18.8,fire
13,08,35,34,16,0.2,88.3,16.9,45.1,7.5,17.5,10.5,fire
14,08,37,40,13,0,91.9,22.3,55.5,10.8,22.3,15.7,fire
15,08,35,46,13,0.3,83.9,16.9,54.2,3.5,19,5.5,fire
16,08,40,41,10,0.1,92,22.6,65.1,9.5,24.2,14.8,fire
17,08,42,24,9,0,96,30.3,76.4,15.7,30.4,24,fire
18,08,37,37,14,0,94.3,35.9,86.8,16,35.9,26.3,fire
19,08,35,66,15,0.1,82.7,32.7,96.8,3.3,35.5,7.7,fire
20,08,36,81,15,0,83.7,34.4,107,3.8,38.1,9,fire
21,08,36,71,15,0,86,36.9,117.1,5.1,41.3,12.2,fire
22,08,37,53,14,0,89.5,41.1,127.5,8,45.5,18.1,fire
23,08,36,43,16,0,91.2,46.1,137.7,11.5,50.2,24.5,fire
24,08,35,38,15,0,92.1,51.3,147.7,12.2,54.9,26.9,fire
25,08,34,40,18,0,92.1,56.3,157.5,14.3,59.5,31.1,fire
26,08,33,37,16,0,92.2,61.3,167.2,13.1,64,30.3,fire
27,08,36,54,14,0,91,65.9,177.3,10,68,26.1,fire
28,08,35,56,14,0.4,79.2,37,166,2.1,30.6,6.1,not fire
29,08,35,53,17,0.5,80.2,20.7,149.2,2.7,30.6,5.9,fire
30,08,34,49,15,0,89.2,24.8,159.1,8.1,35.7,16,fire
31,08,30,59,19,0,89.1,27.8,168.2,9.8,39.3,19.4,fire
01,09,29,86,16,0,37.9,0.9,8.2,0.1,1.4,0,not fire
02,09,28,67,19,0,75.4,2.9,16.3,2,4,0.8,not fire
01,06,29,57,18,0,65.7,3.4,7.6,1.3,3.4,0.5,not fire
02,06,29,61,13,1.3,64.4,4.1,7.6,1,3.9,0.4,not fire
03,06,26,82,22,13.1,47.1,2.5,7.1,0.3,2.7,0.1,not fire
04,06,25,89,13,2.5,28.6,1.3,6.9,0,1.7,0,not fire
05,06,27,77,16,0,64.8,3,14.2,1.2,3.9,0.5,not fire
06,06,31,67,14,0,82.6,5.8,22.2,3.1,7,2.5,fire
07,06,33,54,13,0,88.2,9.9,30.5,6.4,10.9,7.2,fire
08,06,30,73,15,0,86.6,12.1,38.3,5.6,13.5,7.1,fire
09,06,25,88,13,0.2,52.9,7.9,38.8,0.4,10.5,0.3,not fire
10,06,28,79,12,0,73.2,9.5,46.3,1.3,12.6,0.9,not fire
11,06,31,65,14,0,84.5,12.5,54.3,4,15.8,5.6,fire
12,06,26,81,19,0,84,13.8,61.4,4.8,17.7,7.1 ,fire
13,06,27,84,21,1.2,50,6.7,17,0.5,6.7,0.2,not fire
14,06,30,78,20,0.5,59,4.6,7.8,1,4.4,0.4,not fire
15,06,28,80,17,3.1,49.4,3,7.4,0.4,3,0.1,not fire
16,06,29,89,13,0.7,36.1,1.7,7.6,0,2.2,0,not fire
17,06,30,89,16,0.6,37.3,1.1,7.8,0,1.6,0,not fire
18,06,31,78,14,0.3,56.9,1.9,8,0.7,2.4,0.2,not fire
19,06,31,55,16,0.1,79.9,4.5,16,2.5,5.3,1.4,not fire
20,06,30,80,16,0.4,59.8,3.4,27.1,0.9,5.1,0.4,not fire
21,06,30,78,14,0,81,6.3,31.6,2.6,8.4,2.2,fire
22,06,31,67,17,0.1,79.1,7,39.5,2.4,9.7,2.3,not fire
23,06,32,62,18,0.1,81.4,8.2,47.7,3.3,11.5,3.8,fire
24,06,32,66,17,0,85.9,11.2,55.8,5.6,14.9,7.5,fire
25,06,31,64,15,0,86.7,14.2,63.8,5.7,18.3,8.4,fire
26,06,31,64,18,0,86.8,17.8,71.8,6.7,21.6,10.6,fire
27,06,34,53,18,0,89,21.6,80.3,9.2,25.8,15,fire
28,06,32,55,14,0,89.1,25.5,88.5,7.6,29.7,13.9,fire
29,06,32,47,13,0.3,79.9,18.4,84.4,2.2,23.8,3.9,not fire
30,06,33,50,14,0,88.7,22.9,92.8,7.2,28.3,12.9,fire
01,07,29,68,19,1,59.9,2.5,8.6,1.1,2.9,0.4,not fire
02,07,27,75,19,1.2,55.7,2.4,8.3,0.8,2.8,0.3,not fire
03,07,32,76,20,0.7,63.1,2.6,9.2,1.3,3,0.5,not fire
04,07,33,78,17,0,80.1,4.6,18.5,2.7,5.7,1.7,not fire
05,07,33,66,14,0,85.9,7.6,27.9,4.8,9.1,4.9,fire
06,07,32,63,14,0,87,10.9,37,5.6,12.5,6.8,fire
07,07,35,64,18,0.2,80,9.7,40.4,2.8,12.1,3.2,not fire
08,07,33,68,19,0,85.6,12.5,49.8,6,15.4,8,fire
09,07,32,68,14,1.4,66.6,7.7,9.2,1.1,7.4,0.6,not fire
10,07,33,69,13,0.7,66.6,6,9.3,1.1,5.8,0.5,not fire
11,07,33,76,14,0,81.1,8.1,18.7,2.6,8.1,2.2,not fire
12,07,31,75,13,0.1,75.1,7.9,27.7,1.5,9.2,0.9,not fire
13,07,34,81,15,0,81.8,9.7,37.2,3,11.7,3.4,not fire
14,07,34,61,13,0.6,73.9,7.8,22.9,1.4,8.4,0.8,not fire
15,07,30,80,19,0.4,60.7,5.2,17,1.1,5.9,0.5,not fire
16,07,28,76,21,0,72.6,7,25.5,0.7,8.3,0.4,not fire
17,07,29,70,14,0,82.8,9.4,34.1,3.2,11.1,3.6,fire
18,07,31,68,14,0,85.4,12.1,43.1,4.6,14.2,6,fire
19,07,35,59,17,0,88.1,12,52.8,7.7,18.2,10.9,fire
20,07,33,65,15,0.1,81.4,12.3,62.1,2.8,16.5,4,fire
21,07,33,70,17,0,85.4,18.5,71.5,5.2,22.4,8.8,fire
22,07,28,79,18,0.1,73.4,16.4,79.9,1.8,21.7,2.8,not fire
23,07,27,66,22,0.4,68.2,10.5,71.3,1.8,15.4,2.1,not fire
24,07,28,78,16,0.1,70,9.6,79.7,1.4,14.7,1.3,not fire
25,07,31,65,18,0,84.3,12.5,88.7,4.8,18.5,7.3,fire
26,07,36,53,19,0,89.2,17.1,98.6,10,23.9,15.3,fire
27,07,36,48,13,0,90.3,22.2,108.5,8.7,29.4,15.3,fire
28,07,33,76,15,0,86.5,24.4,117.8,5.6,32.1,11.3,fire
29,07,32,73,15,0,86.6,26.7,127,5.6,35,11.9,fire
30,07,31,79,15,0,85.4,28.5,136,4.7,37.4,10.7,fire
31,07,35,64,17,0,87.2,31.9,145.7,6.8,41.2,15.7,fire
01,08,36,45,14,0,78.8,4.8,10.2,2,4.7,0.9,not fire
02,08,35,55,12,0.4,78,5.8,10,1.7,5.5,0.8,not fire
03,08,35,63,14,0.3,76.6,5.7,10,1.7,5.5,0.8,not fire
04,08,34,69,13,0,85,8.2,19.8,4,8.2,3.9,fire
05,08,34,65,13,0,86.8,11.1,29.7,5.2,11.5,6.1,fire
06,08,32,75,14,0,86.4,13,39.1,5.2,14.2,6.8,fire
07,08,32,69,16,0,86.5,15.5,48.6,5.5,17.2,8,fire
08,08,32,60,18,0.3,77.1,11.3,47,2.2,14.1,2.6,not fire
09,08,35,59,17,0,87.4,14.8,57,6.9,17.9,9.9,fire
10,08,35,55,14,0,88.9,18.6,67,7.4,21.9,11.6,fire
11,08,35,63,13,0,88.9,21.7,77,7.1,25.5,12.1,fire
12,08,35,51,13,0.3,81.3,15.6,75.1,2.5,20.7,4.2,not fire
13,08,35,63,15,0,87,19,85.1,5.9,24.4,10.2,fire
14,08,33,66,14,0,87,21.7,94.7,5.7,27.2,10.6,fire
15,08,36,55,13,0.3,82.4,15.6,92.5,3.7,22,6.3,fire
16,08,36,61,18,0.3,80.2,11.7,90.4,2.8,17.6,4.2,fire
17,08,37,52,18,0,89.3,16,100.7,9.7,22.9,14.6,fire
18,08,36,54,18,0,89.4,20,110.9,9.7,27.5,16.1,fire
19,08,35,62,19,0,89.4,23.2,120.9,9.7,31.3,17.2,fire
20,08,35,68,19,0,88.3,25.9,130.6,8.8,34.7,16.8,fire
21,08,36,58,19,0,88.6,29.6,141.1,9.2,38.8,18.4,fire
22,08,36,55,18,0,89.1,33.5,151.3,9.9,43.1,20.4,fire
23,08,36,53,16,0,89.5,37.6,161.5,10.4,47.5,22.3,fire
24,08,34,64,14,0,88.9,40.5,171.3,9,50.9,20.9,fire
25,08,35,60,15,0,88.9,43.9,181.3,8.2,54.7,20.3,fire
26,08,31,78,18,0,85.8,45.6,190.6,4.7,57.1,13.7,fire 
27,08,33,82,21,0,84.9,47,200.2,4.4,59.3,13.2,fire
28,08,34,64,16,0,89.4,50.2,210.4,7.3,62.9,19.9,fire 
29,08,35,48,18,0,90.1,54.2,220.4,12.5,67.4,30.2,fire
27,09,31,66,11,0,85.7,8.3,24.9,4,9,4.1,fire
28,09,32,47,14,0.7,77.5,7.1,8.8,1.8,6.8,0.9,not fire
29,09,26,80,16,1.8,47.4,2.9,7.7,0.3,3,0.1,not fire
30,09,25,78,14,1.4,45,1.9,7.5,0.2,2.4,0.1,not fire